Blurite ore rocks:2561,33221,33222,33223
Adamantite ore rocks:2104,2105,3040,3273,5782,5783,11939,11941,14862,14863,14864,19018,19019,19020,21275,21276,21277,29233,29235,31173,31174,32435,32436,32437
Gold ore rocks:2098,2099,2609,2610,2611,5768,5769,9720,9722,10574,10575,10576,11183,11184,11185,11951,11952,11953,15576,15577,15578,17001,17002,17003,32432,32433,32434,37310,37312,45067,45068,59426,59427,72087,72088
Granite rocks:2560,10947
Coal rocks:2096,2097,3032,3233,5770,5771,5772,10948,11930,11931,11932,11963,11964,14850,14851,14852,15246,15247,15248,18997,18998,18999,21287,21288,21289,29215,29216,29217,31167,31168,31169,32426,32427,32428,32449,32450
Mithril ore rocks:2102,2103,3041,3280,5784,5785,5786,11942,11943,11944,11946,11947,14853,14854,14855,19012,19013,19014,21278,21279,21280,25368,25369,25370,29236,31170,32438,32439,32440
Silver ore rocks:2100,2101,6945,6946,11186,11187,11188,11948,11949,11950,15579,15580,15581,16998,16999,17000,29224,29225,29226,32444,32445,32446,37304,37305,37306,37670
Copper ore rocks:2090,2091,3027,3229,5779,5780,5781,9708,9709,9710,11936,11937,11938,11960,11961,11962,14906,14907,18991,18992,18993,21284,21285,21286,29230,29231,72098,72099,72100
Sandstone rocks:2551,10946
Clay rocks:2108,2109,5766,5767,9711,9713,10577,10578,10579,10949,11189,11190,11191,14904,14905,15503,15504,15505,32429,32430,32431,72075,72076,72077,72078,72079,72080
Runite ore rocks:14859,14860,33078,33079,37208,45069,45070
Tin ore rocks:2094,2095,3038,3245,5776,5777,5778,9714,9716,11933,11934,11935,11957,11958,11959,14902,14903,18994,18995,18996,19024,19025,19026,21293,21294,21295,29227,29229,72092,72093,72094
Iron ore rocks:2092,2093,5773,5774,5775,6943,6944,9717,9718,9719,11954,11955,11956,14856,14857,14858,14913,14914,19000,19001,19002,21281,21282,21283,29221,29222,29223,32441,32442,32443,32451,32452,37307,37308,37309,72081,72082,72083
