// EDGE MEN ROOM
1 3092 3507 0
43035 3095 3510 0
26982 3096 3511 0
42381 3094 3510 0
43754 3093 3507 0
45099 3094 3507 0
12309 3096 3507 0
42397 3096 3507 0
42390 3097 3507 0
43019 3099 3507 0
43035 3100 3507 0
43019 3100 3508 0
43019 3099 3512 0
43019 3100 3512 0
43035 3100 3513 0
45099 3098 3513 0
42391 3097 3513 0
42390 3096 3513 0
43019 3091 3510 0
42607 3091 3508 0
42382 3091 3507 0
43035 3092 3511 0
43035 3091 3511 0
42605 3091 3513 0
42389 3093 3513 0
61350 3092 3506 0
//84 3092 3506 0
//4864 3092 3506 0
61353 3089 3505 0
// EDGEVILLE BANK
42373 3096 3495 0
42377 3097 3495 0
42218 3098 3495 0
46426 3083 3492 0
39644 3092 3499 0
39643 3093 3499 0
39643 3098 3497 0
39644 3098 3498 0
// edge general room
43019 3080 3510 0
42392 3098 3507 0
// white dividers in men room
37258 3093 3511 0
37256 3092 3511 0
37256 3091 3511 0
37259 3094 3513 0
// random edgeville stuff
38453 3087 3516 0
55349 3090 3517 0
38447 3085 3517 0
42641 3080 3493 0
44343 3081 3496 0
44392 3081 3494 0
44293 3081 3492 0
43896 3077 3489 0
43632 3079 3489 0
43066 3080 3489 0
44336 3081 3489 0
65149 3085 3506 0
42603 3084 3507 0
4542 2689 3718 0
