//use: Object type rotation ~ x y plane boolean clip
//Donatorzone
4483 10 -3 ~ 2592 3916 0 true
4483 10 -2 ~ 2581 3905 0 true
3192 10 -3 ~ 2579 3917 0 true
//k
17010 10 0 ~ 2584 3918 0 true
//6552 10 2 ~ 2589 3919 0 true
47120 10 0 ~ 2591 3919 0 true
//home
//37121 0 1 ~ 3084 3510 0 true

// stalls
//4278 10 1 ~ 3083 3489 0 true
//4705 10 1 ~ 3082 3492 0 true
//4708 10 1 ~ 3083 3495 0

1749 10 1 ~ 3083 3494 0 true
// 38698 10 0 ~ 3079 3487 0 true
15482 10 3 ~ 3082 3489 0 true
14859 10 0 ~ 3030 3701 0 true
14859 10 0 ~ 3030 3699 0 true
14859 10 0 ~ 3029 3700 0 true
// edge room
//37161 0 2 ~ 3094 3514 0 true
//37161 0 4 ~ 3093 3514 0 true
12309 10 3 ~ 3100 3512 0 true
// 15482 10 2 ~ 3077 3489 0 true
16050 10 0 ~ 1871 3162 0 true
16050 10 0 ~ 1908 3162 0 true
11231 10 0 ~ 3094 3499 0 true
2782 10 2 ~ 3109 3497 0 true
//3192 10 0 ~ 3084 3514 0 true
14859 10 0 ~ 3029 3702 0 true
14859 10 0 ~ 3030 3703 0 true
14859 10 0 ~ 3030 3705 0 true
14859 10 0 ~ 3029 3706 0 true
2782 10 0 ~ 2583 3906 0 true
3044 10 3 ~ 2585 3906 0 true
12150 10 0 ~ 3112 3492 0 true
//2465 10 0 ~ 3108 3490 0 true
//2465 10 0 ~ 3123 3495 0 true
//409 10 0 ~ 3097 3506 0 true
//65371 10 0 ~ 3095 3506 0 true
23923 0 1 ~ 3096 3495 0 true
23923 0 1 ~ 3097 3495 0 true
23923 0 1 ~ 3098 3495 0 true
13648 10 1 ~ 3092 3510 0 true
54020 5 0 ~ 3085 3513 0 true
54019 5 0 ~ 3085 3512 0 true
37121 0 2 ~ 3092 3506 0 true
13197 10 0 ~ 3096 3507 0 true
2739 22 0 ~ 3096 3510 0 true
// start of wildy convert
14856 10 0 ~ 3221 3943 0 true
14857 10 0 ~ 3220 3943 0 true
14856 10 0 ~ 3222 3943 0 true
14858 10 0 ~ 3225 3942 0 true
14857 10 0 ~ 3224 3947 0 true
14856 10 0 ~ 3223 3947 0 true
14850 10 0 ~ 3227 3948 0 true
14851 10 0 ~ 3228 3948 0 true
14850 10 0 ~ 3228 3949 0 true
14852 10 0 ~ 3229 3949 0 true
14852 10 0 ~ 3229 3938 0 true
14851 10 0 ~ 3230 3938 0 true
14850 10 0 ~ 3227 3939 0 true
14855 10 0 ~ 3231 3938 0 true
14855 10 0 ~ 3231 3937 0 true
14855 10 0 ~ 3233 3937 0 true
14853 10 0 ~ 3234 3937 0 true
14854 10 0 ~ 3232 3937 0 true
14854 10 0 ~ 3233 3951 0 true
14853 10 0 ~ 3231 3951 0 true
14854 10 0 ~ 3232 3951 0 true
14855 10 0 ~ 3230 3950 0 true
14862 10 0 ~ 3237 3941 0 true
14862 10 0 ~ 3238 3940 0 true
14863 10 0 ~ 3237 3940 0 true
14864 10 0 ~ 3238 3941 0 true
14864 10 0 ~ 3238 3948 0 true
14862 10 0 ~ 3237 3948 0 true
14863 10 0 ~ 3235 3949 0 true
14864 10 0 ~ 3239 3948 0 true
14850 10 0 ~ 3234 3944 0 true
14851 10 0 ~ 3229 3944 0 true
14852 10 0 ~ 3228 3942 0 true
14852 10 0 ~ 3242 3946 0 true
14850 10 0 ~ 3243 3944 0 true
14850 10 0 ~ 3243 3948 0 true
14856 10 0 ~ 3259 3951 0 true
14858 10 0 ~ 3258 3951 0 true
14858 10 0 ~ 3259 3955 0 true
14856 10 0 ~ 3258 3955 0 true
14857 10 0 ~ 3257 3955 0 true
14857 10 0 ~ 3253 3952 0 true
14856 10 0 ~ 3253 3953 0 true
14857 10 0 ~ 3254 3953 0 true
14850 10 0 ~ 3252 3949 0 true
14851 10 0 ~ 3250 3952 0 true
14852 10 0 ~ 3249 3951 0 true
14852 10 0 ~ 3251 3953 0 true
14852 10 0 ~ 3252 3953 0 true
14862 10 0 ~ 3250 3945 0 true
14864 10 0 ~ 3249 3945 0 true
14862 10 0 ~ 3249 3946 0 true
14854 10 0 ~ 3247 3949 0 true
14853 10 0 ~ 3246 3949 0 true
14853 10 0 ~ 3248 3949 0 true
14859 10 0 ~ 3059 3886 0 true
14859 10 2 ~ 3061 3884 0 true
1309 10 0 ~ 3143 3831 0 true
1309 10 2 ~ 3141 3824 0 true
1309 10 1 ~ 3142 3819 0 true
1309 10 3 ~ 3130 3815 0 true
1306 10 2 ~ 3147 3801 0 true
1306 10 1 ~ 3141 3805 0 true
37823 0 0 ~ 3134 3794 0 true
37823 10 0 ~ 3134 3794 0 true
37823 10 2 ~ 3139 3800 0 true
37823 10 3 ~ 3137 3784 0 true
1309 10 3 ~ 3137 3784 0 true
1307 10 3 ~ 3137 3784 0 true
1306 10 3 ~ 3137 3784 0 true
1306 10 3 ~ 3139 3800 0 true
2782 10 1 ~ 3211 3736 0 true
1307 10 1 ~ 2973 3566 0 true
1307 10 1 ~ 2976 3573 0 true
1307 10 3 ~ 2982 3574 0 true
1307 10 2 ~ 2985 3562 0 true
1307 10 0 ~ 2991 3566 0 true
1307 10 0 ~ 2986 3570 0 true
1307 10 1 ~ 2976 3560 0 true
139 0 0 ~ 3118 3546 0 true
139 10 0 ~ 3118 3546 0 true
139 10 3 ~ 3115 3551 0 true
139 10 1 ~ 3121 3542 0 true
139 10 2 ~ 3122 3538 0 true
139 10 0 ~ 3107 3547 0 true
139 10 0 ~ 3111 3543 0 true
139 10 0 ~ 3116 3539 0 true
139 10 0 ~ 3118 3534 0 true
